1       3
2       1
3       4
4       4
5       3
6       3
7       2
8       4
9       2
10      2
11      4
12      2
13      1
14      2
15      2
16      1
17      4
18      4
19      1
20      2
21      3
22      1
23      3
24      2
25      4
26      3
27      1
28      4
29      3
30      3
31      2
32      2
33      1
34      2
35      4
36      3
37      2
38      4
39      4
40      2
41      3
42      3
43      2
44      1
45      2
46      3
47      1
48      2
49      2
50      4
51      3
52      1
53      1
54      4
55      1
56      1
57      2
58      1
59      2
60      3
61      1
62      2
63      4
64      3
65      3
66      2
67      3
68      2
69      1
70      1
71      4
72      4
73      2
74      3
75      1
76      1
77      3
78      4
79      4
80      4
81      1
82      1
83      4
84      4
85      1
86      1
87      1
88      4
89      1
90      2
91      3
92      1
93      4
94      3
95      1
96      1
97      3
98      4
99      4
100     2
101     1
102     1
103     2
104     1
105     3
106     3
107     1
108     2
109     3
110     2
111     1
112     2
113     1
114     3
115     4
116     3
117     3
118     3
119     4
120     4
121     4
122     1
123     2
124     2
125     4
126     3
127     1
128     4
129     2
130     3
131     1
132     4
133     4
134     3
135     4
136     1
137     4
138     2
139     4
140     2
141     2
142     1
143     2
144     3
145     1
146     3
147     4
148     1
149     2
150     2
151     4
152     1
153     1
154     3
155     1
156     3
157     2
158     3
159     1
160     3
161     4
162     4
163     2
164     4
165     2
166     3
167     4
168     1
169     2
170     4
171     3
172     3
173     1
174     4
175     3
176     2
177     1
178     2
179     3
180     4
181     3
182     3
183     4
184     2
185     3
186     2
187     2
188     4
189     3
190     3
191     2
192     4